[gd_scene load_steps=8 format=3 uid="uid://cks71ybnsxxr5"]

[sub_resource type="PlaneMesh" id="PlaneMesh_yylce"]
size = Vector2(20, 20)

[sub_resource type="BoxShape3D" id="BoxShape3D_hm6sm"]

[sub_resource type="BoxShape3D" id="BoxShape3D_0ur2l"]

[sub_resource type="BoxMesh" id="BoxMesh_f7ns7"]

[sub_resource type="PhysicalSkyMaterial" id="PhysicalSkyMaterial_nll7p"]

[sub_resource type="Sky" id="Sky_jt2mw"]
sky_material = SubResource("PhysicalSkyMaterial_nll7p")

[sub_resource type="Environment" id="Environment_k5f1k"]
background_mode = 2
sky = SubResource("Sky_jt2mw")

[node name="MainScene" type="Node3D"]

[node name="Plane" type="RigidBody3D" parent="."]
gravity_scale = 0.0
freeze = true

[node name="MeshInstance3D" type="MeshInstance3D" parent="Plane"]
mesh = SubResource("PlaneMesh_yylce")

[node name="CollisionShape3D" type="CollisionShape3D" parent="Plane"]
transform = Transform3D(20, 0, 0, 0, 1, 0, 0, 0, 20, 0, 0, 0)
shape = SubResource("BoxShape3D_hm6sm")

[node name="RigidBody3D" type="RigidBody3D" parent="."]
transform = Transform3D(0.893426, -0.271542, 0.357847, 0.44921, 0.540065, -0.711716, 0, 0.796614, 0.604488, 0, 5.49934, 6.84872)
linear_velocity = Vector3(0, 5, -5)
angular_velocity = Vector3(17.4533, 0, 0)

[node name="CollisionShape3D" type="CollisionShape3D" parent="RigidBody3D"]
transform = Transform3D(1, -2.67716e-08, 2.07948e-08, 1.49012e-08, 1, -2.98023e-08, 0, 2.98023e-08, 1, 0, 0, 0)
shape = SubResource("BoxShape3D_0ur2l")

[node name="MeshInstance3D" type="MeshInstance3D" parent="RigidBody3D"]
transform = Transform3D(1, -5.6574e-08, 5.05971e-08, 2.43574e-08, 1, -2.98023e-08, 7.17556e-09, -2.98023e-08, 1, 0, 0, 0)
mesh = SubResource("BoxMesh_f7ns7")

[node name="DirectionalLight3D" type="DirectionalLight3D" parent="."]
transform = Transform3D(1, 0, 0, 0, 0.910337, 0.413867, 0, -0.413867, 0.910337, -9.50933, 45.8277, 108.989)
light_color = Color(0.823529, 0.819608, 0.67451, 1)
light_energy = 2.145

[node name="Camera3D" type="Camera3D" parent="."]
transform = Transform3D(1, 0, 0, 0, 0.987472, 0.157796, 0, -0.157796, 0.987472, 0, 8.54424, 15.0232)
environment = SubResource("Environment_k5f1k")
